Pattern center:
*same for all patterns
 xpc = -2.3664 px
 ypc = 78.8267 px
 L = 15135.5138 um

Euler angles (in order 1, 2, etc.):
 202.979 134.372 259.044
 69.3588 6.93544 136.507
 167.608 72.2237 313.577
 1.33984 77.9907 82.2803
 135.467 115.933 98.9987
 325.287 77.957 11.2184
 94.0983 115.483 14.1167
 355.419 152.92 310.806
 316.793 51.1958 194.689
 355.083 79.3151 166.496
 47.1885 89.9904 200.545
 44.0459 116.08 305.984
 12.8137 150.424 173.41
 52.8519 33.6237 324.618
 120.673 105.727 136.572
 291.009 88.2434 207.042
 61.0721 126.837 274.522
 130.649 117.379 344.015
 333.747 113.585 334.744
 176.99 101.649 168.432
 154.222 47.244 122.076
 320.925 111.92 155.075
 247.814 144.604 272.565
 3.93298 96.1099 80.217
 257.148 110.264 32.9756
 105.403 96.3341 339.198
 213.363 103.98 248.182
 170.665 128.193 315.433
 131.439 79.2918 79.5995
 54.4697 42.0224 93.661
 161.09 115.397 274.594
 218.757 90.8239 47.314
 164.481 132.655 350.638
 225.203 20.7254 297.717
 129.703 48.6366 143.83
 251.182 82.3644 292.929
 135.01 92.3785 98.9683
 304.803 93.9079 2.34131
 108.253 48.12 198.254
 96.2647 94.9608 188.268
 190.424 32.8346 195.345
 271.461 99.1764 357.247
 206.775 46.8709 45.3834
 122.71 101.433 277.311
 304.456 130.813 275.564
 152.177 161.698 196.905
 323.877 27.1781 287.546
 337.416 124.79 211.068
 288.026 108.008 47.4694
 19.5171 12.4293 262.429
 7.59017 91.1797 192.723
 134.923 50.7429 165.589
 158.654 18.4302 10.8016
 170.696 104.274 28.6668
 286.9 114.946 318.972
 222.168 53.2478 24.3355
 333.976 27.8266 93.314
 159.75 115.06 21.5702
 139.163 64.0691 223.757
 25.1453 123.808 333.853
 32.7949 61.7945 180.716
 85.9682 86.6787 153.394
 175.027 93.5846 187.381
 37.2859 50.6389 308.066
 103.573 138.767 25.293
 251.795 138.377 188.929
 225.019 133.043 106.075
 332.989 63.157 206.547
 185.959 165.021 137.12
 191.185 102.364 171
 328.681 85.1525 313.571
 41.8731 85.3766 303.932
 52.9975 77.8173 323.283
 226.502 37.9835 102.583
 61.5382 104.536 267.74
 66.4038 46.1555 333.872
 94.0241 66.6728 20.0906
 321.145 31.0876 248.816
 125.169 135.514 16.6805
 104.223 46.8992 8.45123
 177.347 107.105 119.235
 182.615 137.877 120.921
 16.1961 130.891 75.9224
 95.7882 138.17 333.31
 271.705 40.9561 107.735
 322.943 155.479 121.39
 350.547 94.7588 292.587
 121.622 149.658 113.264
 304.491 8.95476 78.4054
 193.864 130.657 243.977
 4.73546 73.6258 137.303
 343.918 101.657 137.89
 96.7205 96.496 250.493
 89.5653 132.977 226.543
 334.22 110.731 162.151
 142.68 139.19 259.972
 219.438 73.6294 259.349
 240.916 33.9151 21.76
 73.0307 111.808 101.161
 133.572 115.415 123.418
