Pattern center:
*same for all patterns
 xpc = 0 px
 ypc = 80 px
 L = 15000 um

Euler angles (in order 1, 2, etc.):
 158.972 53.3632 254.884
 160.638 89.8051 51.7095
 167.638 72.4448 313.676
 100.454 53.7073 29.9361
 243.135 122.225 166.226
 325.319 78.3649 10.94
 327.069 140.812 271.152
 268.991 88.1931 252.015
 93.7841 47.4929 77.2244
 248.27 32.6926 244.766
 47.459 90.2031 200.625
 44.4603 116.409 306.244
 68.725 72.2394 201.084
 52.4636 33.426 324.639
 210.616 88.8724 151.026
 26.4102 18.4893 128.926
 296.037 127.261 176.036
 260.245 141.044 92.1464
 333.309 113.909 334.501
 177.35 101.956 168.032
 235.758 99.1192 91.4428
 320.444 112.151 155.239
 193.869 67.1894 252.911
 101.594 144.712 144.839
 351.345 101.293 65.4624
 13.1132 114.182 308.25
 117.448 112.768 210.312
 350.285 142.081 134.488
 131.412 79.184 79.81
 111.294 115.756 78.8379
 43.5285 133.595 188.004
 329.676 177.059 156.032
 48.7722 115.646 266.869
 119.562 84.1674 25.3619
 323.093 42.1147 305.04
 179.874 156.276 244.757
 221.504 35.9584 49.1945
 209.928 137.566 309.025
 251.371 48.1288 71.9403
 10.5596 53.063 218.642
 190.038 33.3049 195.496
 11.5462 136.502 58.4369
 297.771 89.4577 2.0351
 122.395 100.958 277.735
 304.816 130.757 275.324
 88.585 81.3518 151.585
 209.337 77.7349 20.4527
 337.564 124.828 210.869
 17.2034 87.7153 62.6959
 19.432 11.9381 262.3
 7.42249 91.1557 192.345
 245.332 67.0613 91.1031
 215.506 100.204 330.14
 41.0508 158.505 272.95
 286.648 114.478 319.331
 222.426 52.9233 24.7673
 25.2769 107.878 66.0702
 24.9404 146.446 265.346
 48.9627 88.7272 250.817
 284.001 105.446 279.717
 33.2634 61.3826 180.685
 85.6328 87.1638 153.179
 87.7132 52.4798 220.045
 37.736 50.6673 308.078
 309.007 128.393 241.487
 251.352 138.817 188.493
 264.147 50.0594 107.574
 234.191 73.9906 253.429
 185.857 165.412 137.38
 117.5 37.6357 204.367
 238.239 88.2379 319.63
 42.3236 84.8914 303.462
 53.2143 77.7086 323.567
 7.11528 58.6092 338.041
 347.145 44.7086 293.557
 349.334 103.548 0.488818
 44.5898 146.171 1.11265
 168.268 62.1119 31.4888
 236.41 109.635 93.8618
 104.467 47.1955 8.20752
 271.633 104.866 152.671
 200.922 48.9718 122.783
 154.005 130.313 194.887
 96.1899 137.813 333.421
 271.345 40.5563 107.46
 323.415 155.761 121.711
 262.24 68.0721 309.413
 146.459 62.1249 122.572
 337.794 97.2186 49.7233
 91.9539 103.906 182.808
 191.939 16.3998 308.396
 343.712 101.655 138.353
 96.3891 96.8705 250.449
 90.0305 133.345 226.046
 333.962 110.361 162.14
 24.6896 111.831 170.502
 107.784 37.9077 341.894
 212.97 120.395 30.0591
 73.1877 112.25 100.738
 228.918 100.502 160.923
